   4.4027392e+05   5.2333845e+06   0.0000000e+00
   4.4210616e+05   5.2346479e+06   0.0000000e+00
   4.4344231e+05   5.2357128e+06   0.0000000e+00
   4.4404424e+05   5.2365463e+06   0.0000000e+00
   4.4474605e+05   5.2371399e+06   0.0000000e+00
   4.4561124e+05   5.2379297e+06   0.0000000e+00
   4.4647646e+05   5.2389591e+06   0.0000000e+00
   4.4653044e+05   5.2390332e+06   0.0000000e+00
   4.4663680e+05   5.2391951e+06   0.0000000e+00
   4.4669183e+05   5.2392523e+06   0.0000000e+00
   4.4690259e+05   5.2394499e+06   0.0000000e+00
   4.4721797e+05   5.2397876e+06   0.0000000e+00
   4.4731307e+05   5.2399201e+06   0.0000000e+00
   4.4735782e+05   5.2399596e+06   0.0000000e+00
   4.4740862e+05   5.2400231e+06   0.0000000e+00
   4.4744990e+05   5.2400778e+06   0.0000000e+00
   4.4748165e+05   5.2401231e+06   0.0000000e+00
   4.4750308e+05   5.2401445e+06   0.0000000e+00
   4.4752689e+05   5.2401683e+06   0.0000000e+00
   4.4755070e+05   5.2401874e+06   0.0000000e+00
   4.4774279e+05   5.2403779e+06   0.0000000e+00
   4.4802378e+05   5.2405565e+06   0.0000000e+00
   4.4834453e+05   5.2407903e+06   0.0000000e+00
   4.4852822e+05   5.2409311e+06   0.0000000e+00
   4.4871562e+05   5.2410734e+06   0.0000000e+00
   4.4875663e+05   5.2411085e+06   0.0000000e+00
   4.4878375e+05   5.2411270e+06   0.0000000e+00
   4.4881511e+05   5.2411455e+06   0.0000000e+00
   4.4883826e+05   5.2411588e+06   0.0000000e+00
   4.4912665e+05   5.2413387e+06   0.0000000e+00
   4.4921332e+05   5.2414462e+06   0.0000000e+00
   4.4932709e+05   5.2415520e+06   0.0000000e+00
   4.4945039e+05   5.2416611e+06   0.0000000e+00
   4.4951945e+05   5.2417230e+06   0.0000000e+00
   4.4954129e+05   5.2417297e+06   0.0000000e+00
   4.4968020e+05   5.2417971e+06   0.0000000e+00
   4.4984409e+05   5.2418574e+06   0.0000000e+00
   4.5003077e+05   5.2419268e+06   0.0000000e+00
   4.5024773e+05   5.2420432e+06   0.0000000e+00
   4.5034757e+05   5.2420861e+06   0.0000000e+00
   4.5038893e+05   5.2421038e+06   0.0000000e+00
   4.5041054e+05   5.2421171e+06   0.0000000e+00
   4.5053510e+05   5.2421916e+06   0.0000000e+00
   4.5061597e+05   5.2422622e+06   0.0000000e+00
   4.5067268e+05   5.2423100e+06   0.0000000e+00
   4.5078493e+05   5.2424108e+06   0.0000000e+00
   4.5086563e+05   5.2424743e+06   0.0000000e+00
   4.5088370e+05   5.2424880e+06   0.0000000e+00
   4.5094719e+05   5.2425197e+06   0.0000000e+00
   4.5096237e+05   5.2425309e+06   0.0000000e+00
   4.5097719e+05   5.2425436e+06   0.0000000e+00
   4.5099624e+05   5.2425574e+06   0.0000000e+00
   4.5100788e+05   5.2425733e+06   0.0000000e+00
   4.5103434e+05   5.2425891e+06   0.0000000e+00
   4.5105022e+05   5.2426008e+06   0.0000000e+00
   4.5108177e+05   5.2426212e+06   0.0000000e+00
   4.5106503e+05   5.2426114e+06   0.0000000e+00
