  -1.8630103e+01   6.6254705e+01   0.0000000e+00
  -1.7741180e+01   6.6122283e+01   0.0000000e+00
  -1.7446458e+01   6.6064492e+01   0.0000000e+00
  -1.7308603e+01   6.6039408e+01   0.0000000e+00
  -1.7213531e+01   6.5996902e+01   0.0000000e+00
  -1.7132720e+01   6.5964008e+01   0.0000000e+00
  -1.7080431e+01   6.5925255e+01   0.0000000e+00
  -2.1520008e+01   6.3929167e+01   1.0000000e+00
  -2.1232756e+01   6.4180849e+01   1.0000000e+00
  -2.1147193e+01   6.4273908e+01   1.0000000e+00
  -2.0966362e+01   6.4429267e+01   1.0000000e+00
  -2.0648652e+01   6.4657918e+01   1.0000000e+00
  -2.0547726e+01   6.4720945e+01   1.0000000e+00
  -2.0699148e+01   6.3951206e+01   2.0000000e+00
  -2.0673215e+01   6.4024216e+01   2.0000000e+00
  -2.0583247e+01   6.3947374e+01   3.0000000e+00
  -2.0563271e+01   6.4041658e+01   3.0000000e+00
  -2.0524869e+01   6.4094257e+01   3.0000000e+00
  -2.0264546e+01   6.3940482e+01   4.0000000e+00
  -2.0270533e+01   6.4015231e+01   4.0000000e+00
  -1.6323501e+01   6.6132145e+01   5.0000000e+00
  -1.6621948e+01   6.5499705e+01   5.0000000e+00
  -1.6868375e+01   6.5075813e+01   5.0000000e+00
  -1.7024627e+01   6.4881031e+01   5.0000000e+00
  -2.2403318e+01   6.3963043e+01   6.0000000e+00
  -2.2436593e+01   6.3948433e+01   6.0000000e+00
  -2.2469869e+01   6.3939036e+01   6.0000000e+00
  -2.2631491e+01   6.3866895e+01   6.0000000e+00
  -2.2728939e+01   6.3824988e+01   6.0000000e+00
  -2.1809119e+01   6.4076531e+01   7.0000000e+00
  -2.2051552e+01   6.3920235e+01   7.0000000e+00
  -2.2075320e+01   6.3904557e+01   7.0000000e+00
  -2.2201290e+01   6.3839663e+01   7.0000000e+00
  -1.7163368e+01   6.4814951e+01   8.0000000e+00
  -1.9381300e+01   6.3979626e+01   8.0000000e+00
  -1.6091874e+01   6.5064432e+01   9.0000000e+00
  -1.6400889e+01   6.4884924e+01   9.0000000e+00
  -1.6603804e+01   6.4743353e+01   9.0000000e+00
  -1.9077097e+01   6.5233730e+01   1.0000000e+01
  -1.9023849e+01   6.5122632e+01   1.0000000e+01
  -1.8948760e+01   6.5035543e+01   1.0000000e+01
  -1.9214289e+01   6.5069180e+01   1.1000000e+01
  -1.9154863e+01   6.4946255e+01   1.1000000e+01
  -1.7065606e+01   6.6197578e+01   1.2000000e+01
  -1.7026850e+01   6.5920879e+01   1.2000000e+01
  -1.7085862e+01   6.5757038e+01   1.2000000e+01
  -1.7137284e+01   6.5610859e+01   1.2000000e+01
  -1.6502705e+01   6.5224055e+01   1.3000000e+01
  -1.6396844e+01   6.5352364e+01   1.3000000e+01
  -1.6288180e+01   6.5580361e+01   1.3000000e+01
  -1.6215001e+01   6.5838133e+01   1.3000000e+01
  -1.6068916e+01   6.6094671e+01   1.3000000e+01
  -1.9943369e+01   6.4008415e+01   1.4000000e+01
  -1.9968921e+01   6.3926386e+01   1.4000000e+01
  -2.1081049e+01   6.5472196e+01   1.5000000e+01
  -2.1009745e+01   6.5338653e+01   1.5000000e+01
  -2.0237286e+01   6.5897899e+01   1.6000000e+01
  -2.0344242e+01   6.5590331e+01   1.6000000e+01
  -2.1306844e+01   6.4686080e+01   1.7000000e+01
  -2.1330612e+01   6.4497418e+01   1.7000000e+01
  -1.6220498e+01   6.4126526e+01   1.8000000e+01
  -1.5436155e+01   6.4312596e+01   1.8000000e+01
  -1.4818188e+01   6.4430820e+01   1.9000000e+01
  -1.5079636e+01   6.4302292e+01   1.9000000e+01
  -1.4402248e+01   6.4893615e+01   2.0000000e+01
  -1.4556740e+01   6.4721626e+01   2.0000000e+01
  -1.5887747e+01   6.4928889e+01   2.1000000e+01
  -1.5982819e+01   6.4772325e+01   2.1000000e+01
  -1.7884256e+01   6.6086468e+01   2.2000000e+01
  -1.8098168e+01   6.5975429e+01   2.2000000e+01
  -1.8264544e+01   6.6149015e+01   2.3000000e+01
  -1.8335848e+01   6.5989940e+01   2.3000000e+01
  -1.8585412e+01   6.6173031e+01   2.4000000e+01
  -1.8728019e+01   6.6028595e+01   2.4000000e+01
  -1.8811207e+01   6.6225785e+01   2.5000000e+01
  -1.8811207e+01   6.6091285e+01   2.5000000e+01
  -1.9536130e+01   6.5795783e+01   2.6000000e+01
  -1.9524247e+01   6.5644298e+01   2.6000000e+01
  -1.9583666e+01   6.5859045e+01   2.7000000e+01
  -1.9690622e+01   6.5698152e+01   2.7000000e+01
  -1.8240776e+01   6.5825000e+01   2.8000000e+01
  -1.8312080e+01   6.5683476e+01   2.8000000e+01
  -1.8003096e+01   6.5790910e+01   2.9000000e+01
  -1.8026864e+01   6.5649198e+01   2.9000000e+01
  -1.4663696e+01   6.5781162e+01   3.0000000e+01
  -1.4758768e+01   6.5644298e+01   3.0000000e+01
  -1.4556740e+01   6.5393141e+01   3.1000000e+01
  -1.4604276e+01   6.5219376e+01   3.1000000e+01
  -1.5840211e+01   6.4792578e+01   3.2000000e+01
  -1.5697603e+01   6.4928889e+01   3.2000000e+01
  -1.9476711e+01   6.4307444e+01   3.3000000e+01
  -1.9619318e+01   6.4162805e+01   3.3000000e+01
  -2.0391778e+01   6.4095393e+01   3.4000000e+01
  -2.0059026e+01   6.4147262e+01   3.4000000e+01
  -2.0225402e+01   6.4328045e+01   3.5000000e+01
  -2.0047142e+01   6.4441077e+01   3.5000000e+01
  -1.9641502e+01   6.4134477e+01   3.6000000e+01
  -1.9907703e+01   6.4092970e+01   3.6000000e+01
  -1.4935285e+01   6.4690992e+01   3.7000000e+01
  -1.4631055e+01   6.4597351e+01   3.7000000e+01
  -1.7882513e+01   6.5867631e+01   3.8000000e+01
  -1.9603315e+01   6.6161346e+01   3.8000000e+01
  -1.8295171e+01   6.6080810e+01   3.9000000e+01
  -1.7984799e+01   6.6034338e+01   3.9000000e+01
  -1.6588067e+01   6.6271760e+01   4.0000000e+01
  -1.6611835e+01   6.6221977e+01   4.0000000e+01
  -1.7077687e+01   6.6308078e+01   4.1000000e+01
  -1.7087194e+01   6.6264108e+01   4.1000000e+01
  -1.7077687e+01   6.6235390e+01   4.1000000e+01
  -1.7068180e+01   6.6227726e+01   4.1000000e+01
  -1.7377164e+01   6.6449027e+01   4.2000000e+01
  -1.7405685e+01   6.6403401e+01   4.2000000e+01
  -1.7738437e+01   6.6589186e+01   4.3000000e+01
  -1.7676640e+01   6.6517311e+01   4.3000000e+01
  -1.8128232e+01   6.6828830e+01   4.4000000e+01
  -1.7992754e+01   6.6727618e+01   4.4000000e+01
