   4.5111437e+05   5.2430508e+06  -1.0000000e+04
   4.5113448e+05   5.2431026e+06  -1.0000000e+04
   4.5116305e+05   5.2431566e+06  -1.0000000e+04
   4.5121385e+05   5.2432233e+06  -1.0000000e+04
   4.5125619e+05   5.2432466e+06  -1.0000000e+04
   4.5135144e+05   5.2433296e+06  -1.0000000e+04
   4.5141664e+05   5.2433691e+06  -1.0000000e+04
   4.5158427e+05   5.2434535e+06  -1.0000000e+04
   4.5162555e+05   5.2434683e+06  -1.0000000e+04
   4.5173535e+05   5.2434958e+06  -1.0000000e+04
   4.5182266e+05   5.2435125e+06  -1.0000000e+04
   4.5186870e+05   5.2435299e+06  -1.0000000e+04
   4.5193299e+05   5.2435458e+06  -1.0000000e+04
   4.5198776e+05   5.2435672e+06  -1.0000000e+04
   4.5202577e+05   5.2435946e+06  -1.0000000e+04
   4.5202577e+05   5.2435946e+06  -1.0000000e+04
   4.5203422e+05   5.2435996e+06  -1.0000000e+04
   4.5206808e+05   5.2436176e+06  -1.0000000e+04
   4.5209891e+05   5.2436343e+06  -1.0000000e+04
   4.5210781e+05   5.2436391e+06  -1.0000000e+04
   4.5215808e+05   5.2436655e+06  -1.0000000e+04
   4.5222158e+05   5.2436920e+06  -1.0000000e+04
   4.5228243e+05   5.2437211e+06  -1.0000000e+04
   4.5232741e+05   5.2437357e+06  -1.0000000e+04
   4.5236313e+05   5.2437409e+06  -1.0000000e+04
   4.5239885e+05   5.2437423e+06  -1.0000000e+04
   4.5243223e+05   5.2437438e+06  -1.0000000e+04
   4.5247592e+05   5.2437479e+06  -1.0000000e+04
   4.5247592e+05   5.2437479e+06  -1.0000000e+04
   4.5259975e+05   5.2437939e+06  -1.0000000e+04
   4.5273918e+05   5.2438458e+06  -1.0000000e+04
   4.5320882e+05   5.2440019e+06  -1.0000000e+04
   4.5322602e+05   5.2440045e+06  -1.0000000e+04
   4.5329878e+05   5.2440231e+06  -1.0000000e+04
   4.5349181e+05   5.2440937e+06  -1.0000000e+04
   4.5371142e+05   5.2441797e+06  -1.0000000e+04
