   4.5298984e+05   5.2384360e+06  -8.5907521e+03
   4.5301199e+05   5.2384827e+06  -8.6109606e+03
   4.5304254e+05   5.2385319e+06  -8.6305957e+03
   4.5309550e+05   5.2385933e+06  -8.6519287e+03
   4.5313812e+05   5.2386159e+06  -8.6547510e+03
   4.5323544e+05   5.2386938e+06  -8.6752667e+03
   4.5330125e+05   5.2387318e+06  -8.6812896e+03
   4.5346964e+05   5.2388143e+06  -8.6888283e+03
   4.5351083e+05   5.2388293e+06  -8.6879129e+03
   4.5361983e+05   5.2388588e+06  -8.6799815e+03
   4.5370626e+05   5.2388777e+06  -8.6712811e+03
   4.5375224e+05   5.2388952e+06  -8.6706740e+03
   4.5381605e+05   5.2389123e+06  -8.6659365e+03
   4.5387078e+05   5.2389338e+06  -8.6655388e+03
   4.5390935e+05   5.2389598e+06  -8.6710754e+03
   4.5390935e+05   5.2389598e+06  -8.6710754e+03
   4.5391787e+05   5.2389646e+06  -8.6718007e+03
   4.5395193e+05   5.2389822e+06  -8.6737644e+03
   4.5398295e+05   5.2389984e+06  -8.6756963e+03
   4.5399191e+05   5.2390030e+06  -8.6762443e+03
   4.5404246e+05   5.2390288e+06  -8.6790097e+03
   4.5410599e+05   5.2390552e+06  -8.6793310e+03
   4.5416704e+05   5.2390838e+06  -8.6813554e+03
   4.5421185e+05   5.2390988e+06  -8.6796509e+03
   4.5424714e+05   5.2391051e+06  -8.6753353e+03
   4.5428224e+05   5.2391080e+06  -8.6692596e+03
   4.5431506e+05   5.2391109e+06  -8.6636707e+03
   4.5435811e+05   5.2391165e+06  -8.6573452e+03
   4.5435811e+05   5.2391165e+06  -8.6573452e+03
   4.5448174e+05   5.2391630e+06  -8.6553420e+03
   4.5462095e+05   5.2392155e+06  -8.6531351e+03
   4.5508896e+05   5.2393756e+06  -8.6370329e+03
   4.5510596e+05   5.2393787e+06  -8.6349994e+03
   4.5517820e+05   5.2393985e+06  -8.6299181e+03
   4.5537087e+05   5.2394700e+06  -8.6262831e+03
   4.5559033e+05   5.2395564e+06  -8.6247778e+03
