   4.4354030e+05   5.2296187e+06  -8.6044543e+03
   4.4535093e+05   5.2309070e+06  -8.4813812e+03
   4.4668085e+05   5.2319791e+06  -8.4458602e+03
   4.4730343e+05   5.2327888e+06  -8.5634802e+03
   4.4800424e+05   5.2333835e+06  -8.5577646e+03
   4.4887204e+05   5.2341703e+06  -8.5726299e+03
   4.4975575e+05   5.2351784e+06  -8.6779853e+03
   4.4981154e+05   5.2352504e+06  -8.6882889e+03
   4.4992252e+05   5.2354070e+06  -8.7145951e+03
   4.4997818e+05   5.2354635e+06  -8.7181714e+03
   4.5018992e+05   5.2356599e+06  -8.7237586e+03
   4.5050955e+05   5.2359927e+06  -8.7479878e+03
   4.5060797e+05   5.2361214e+06  -8.7668782e+03
   4.5065276e+05   5.2361608e+06  -8.7671370e+03
   4.5070485e+05   5.2362229e+06  -8.7744787e+03
   4.5074739e+05   5.2362761e+06  -8.7816155e+03
   4.5078031e+05   5.2363201e+06  -8.7883240e+03
   4.5080193e+05   5.2363412e+06  -8.7893862e+03
   4.5082595e+05   5.2363648e+06  -8.7905751e+03
   4.5084966e+05   5.2363840e+06  -8.7899889e+03
   4.5104333e+05   5.2365727e+06  -8.7990109e+03
   4.5132000e+05   5.2367563e+06  -8.7744129e+03
   4.5163781e+05   5.2369935e+06  -8.7576386e+03
   4.5182027e+05   5.2371357e+06  -8.7506403e+03
   4.5200633e+05   5.2372795e+06  -8.7429932e+03
   4.5204730e+05   5.2373147e+06  -8.7428153e+03
   4.5207409e+05   5.2373336e+06  -8.7409179e+03
   4.5210487e+05   5.2373527e+06  -8.7376315e+03
   4.5212757e+05   5.2373665e+06  -8.7350707e+03
   4.5241131e+05   5.2375518e+06  -8.7085394e+03
   4.5250012e+05   5.2376568e+06  -8.7207488e+03
   4.5261436e+05   5.2377621e+06  -8.7234377e+03
   4.5273781e+05   5.2378710e+06  -8.7242508e+03
   4.5280700e+05   5.2379328e+06  -8.7250059e+03
   4.5282803e+05   5.2379404e+06  -8.7203814e+03
   4.5296342e+05   5.2380119e+06  -8.7003298e+03
   4.5312188e+05   5.2380784e+06  -8.6694125e+03
   4.5330242e+05   5.2381549e+06  -8.6344660e+03
   4.5351462e+05   5.2382768e+06  -8.6073517e+03
   4.5361156e+05   5.2383230e+06  -8.5908462e+03
   4.5365172e+05   5.2383421e+06  -8.5839814e+03
   4.5367297e+05   5.2383558e+06  -8.5819252e+03
   4.5379530e+05   5.2384329e+06  -8.5692567e+03
   4.5387620e+05   5.2385035e+06  -8.5694287e+03
   4.5393282e+05   5.2385514e+06  -8.5689041e+03
   4.5404530e+05   5.2386519e+06  -8.5702024e+03
   4.5412557e+05   5.2387159e+06  -8.5677483e+03
   4.5414351e+05   5.2387298e+06  -8.5670029e+03
   4.5420545e+05   5.2387632e+06  -8.5581759e+03
   4.5422050e+05   5.2387746e+06  -8.5574331e+03
   4.5423531e+05   5.2387873e+06  -8.5573747e+03
   4.5425418e+05   5.2388013e+06  -8.5563460e+03
   4.5426620e+05   5.2388168e+06  -8.5585382e+03
   4.5429219e+05   5.2388331e+06  -8.5558373e+03
   4.5430793e+05   5.2388450e+06  -8.5550539e+03
   4.5433902e+05   5.2388659e+06  -8.5524229e+03
   4.5432259e+05   5.2388557e+06  -8.5542057e+03
