   4.4922487e+05   5.2477001e+06  -8.7297560e+03
   4.4924702e+05   5.2477469e+06  -8.7095474e+03
   4.4927757e+05   5.2477961e+06  -8.6899124e+03
   4.4933052e+05   5.2478575e+06  -8.6685794e+03
   4.4937315e+05   5.2478801e+06  -8.6657571e+03
   4.4947047e+05   5.2479580e+06  -8.6452414e+03
   4.4953628e+05   5.2479960e+06  -8.6392185e+03
   4.4970467e+05   5.2480785e+06  -8.6316797e+03
   4.4974585e+05   5.2480935e+06  -8.6325951e+03
   4.4985485e+05   5.2481230e+06  -8.6405266e+03
   4.4994129e+05   5.2481419e+06  -8.6492270e+03
   4.4998727e+05   5.2481594e+06  -8.6498341e+03
   4.5005108e+05   5.2481765e+06  -8.6545716e+03
   4.5010581e+05   5.2481980e+06  -8.6549693e+03
   4.5014438e+05   5.2482240e+06  -8.6494327e+03
   4.5014438e+05   5.2482240e+06  -8.6494327e+03
   4.5015290e+05   5.2482288e+06  -8.6487073e+03
   4.5018696e+05   5.2482463e+06  -8.6467437e+03
   4.5021798e+05   5.2482626e+06  -8.6448118e+03
   4.5022694e+05   5.2482672e+06  -8.6442638e+03
   4.5027749e+05   5.2482929e+06  -8.6414983e+03
   4.5034102e+05   5.2483194e+06  -8.6411771e+03
   4.5040207e+05   5.2483480e+06  -8.6391526e+03
   4.5044688e+05   5.2483630e+06  -8.6408572e+03
   4.5048217e+05   5.2483692e+06  -8.6451728e+03
   4.5051727e+05   5.2483722e+06  -8.6512485e+03
   4.5055009e+05   5.2483750e+06  -8.6568374e+03
   4.5059314e+05   5.2483807e+06  -8.6631628e+03
   4.5059314e+05   5.2483807e+06  -8.6631628e+03
   4.5071677e+05   5.2484272e+06  -8.6651660e+03
   4.5085598e+05   5.2484797e+06  -8.6673730e+03
   4.5132399e+05   5.2486398e+06  -8.6834751e+03
   4.5134099e+05   5.2486429e+06  -8.6855087e+03
   4.5141323e+05   5.2486627e+06  -8.6905899e+03
   4.5160590e+05   5.2487342e+06  -8.6942250e+03
   4.5182536e+05   5.2488206e+06  -8.6957303e+03
