   4.3698794e+05   5.2371729e+06  -8.7160538e+03
   4.3879858e+05   5.2384612e+06  -8.8391269e+03
   4.4012849e+05   5.2395333e+06  -8.8746479e+03
   4.4075107e+05   5.2403430e+06  -8.7570279e+03
   4.4145188e+05   5.2409378e+06  -8.7627435e+03
   4.4231968e+05   5.2417246e+06  -8.7478781e+03
   4.4320339e+05   5.2427326e+06  -8.6425228e+03
   4.4325918e+05   5.2428046e+06  -8.6322191e+03
   4.4337016e+05   5.2429612e+06  -8.6059130e+03
   4.4342582e+05   5.2430177e+06  -8.6023367e+03
   4.4363756e+05   5.2432142e+06  -8.5967495e+03
   4.4395719e+05   5.2435470e+06  -8.5725202e+03
   4.4405561e+05   5.2436756e+06  -8.5536298e+03
   4.4410041e+05   5.2437151e+06  -8.5533711e+03
   4.4415250e+05   5.2437771e+06  -8.5460294e+03
   4.4419503e+05   5.2438304e+06  -8.5388926e+03
   4.4422796e+05   5.2438743e+06  -8.5321841e+03
   4.4424957e+05   5.2438955e+06  -8.5311219e+03
   4.4427359e+05   5.2439190e+06  -8.5299329e+03
   4.4429730e+05   5.2439383e+06  -8.5305192e+03
   4.4449097e+05   5.2441269e+06  -8.5214972e+03
   4.4476764e+05   5.2443105e+06  -8.5460951e+03
   4.4508545e+05   5.2445477e+06  -8.5628695e+03
   4.4526791e+05   5.2446899e+06  -8.5698677e+03
   4.4545397e+05   5.2448338e+06  -8.5775149e+03
   4.4549495e+05   5.2448689e+06  -8.5776928e+03
   4.4552173e+05   5.2448878e+06  -8.5795901e+03
   4.4555252e+05   5.2449070e+06  -8.5828766e+03
   4.4557522e+05   5.2449208e+06  -8.5854373e+03
   4.4585895e+05   5.2451060e+06  -8.6119687e+03
   4.4594776e+05   5.2452111e+06  -8.5997592e+03
   4.4606200e+05   5.2453163e+06  -8.5970704e+03
   4.4618545e+05   5.2454253e+06  -8.5962573e+03
   4.4625464e+05   5.2454870e+06  -8.5955022e+03
   4.4627567e+05   5.2454947e+06  -8.6001267e+03
   4.4641106e+05   5.2455661e+06  -8.6201783e+03
   4.4656952e+05   5.2456327e+06  -8.6510956e+03
   4.4675006e+05   5.2457091e+06  -8.6860421e+03
   4.4696226e+05   5.2458310e+06  -8.7131563e+03
   4.4705920e+05   5.2458773e+06  -8.7296619e+03
   4.4709936e+05   5.2458964e+06  -8.7365266e+03
   4.4712061e+05   5.2459101e+06  -8.7385829e+03
   4.4724294e+05   5.2459871e+06  -8.7512514e+03
   4.4732384e+05   5.2460577e+06  -8.7510794e+03
   4.4738046e+05   5.2461056e+06  -8.7516040e+03
   4.4749294e+05   5.2462061e+06  -8.7503057e+03
   4.4757321e+05   5.2462701e+06  -8.7527597e+03
   4.4759115e+05   5.2462840e+06  -8.7535051e+03
   4.4765309e+05   5.2463175e+06  -8.7623321e+03
   4.4766814e+05   5.2463288e+06  -8.7630750e+03
   4.4768295e+05   5.2463415e+06  -8.7631333e+03
   4.4770182e+05   5.2463556e+06  -8.7641620e+03
   4.4771384e+05   5.2463710e+06  -8.7619699e+03
   4.4773983e+05   5.2463874e+06  -8.7646708e+03
   4.4775557e+05   5.2463992e+06  -8.7654541e+03
   4.4778666e+05   5.2464201e+06  -8.7680852e+03
   4.4777023e+05   5.2464100e+06  -8.7663024e+03
